168
379
502
985
274
354
419
727
26
780
750
166
151
808
25
785
825
395
588
23
801
61
746
544
676
62
142
888
184
64
456
47
968
229
273
237
747
108
24
98
897
580
194
924
18
340
859
778
449
531
374
255
653
874
42
540
157
299
623
737
40
823
539
762
722
15
867
667
458
418
251
22
173
515
344
17
497
570
593
212
569
756
275
773
695
835
998
906
838
471
252
347
391
521
603
288
74
172
119
95
822
704
803
331
628
403
546
831
528
377
818
992
744
574
400
462
445
36
447
208
170
248
52
500
223
437
461
549
475
351
276
836
635
284
523
731
945
914
196
76
222
27
41
568
5
341
185
416
564
931
421
989
892
216
666
165
817
743
991
144
240
107
413
796
93
382
767
78
75
777
21
853
871
270
920
765
864
652
455
387
957
784
259
970
242
764
195
96
463
688
733
243
696
138
231
140
741
467
824
610
425
369
879
386
54
616
875
392
327
407
959
685
11
933
535
70
133
109
306
774
451
834
894
283
289
152
598
614
775
494
677
58
792
277
49
498
565
362
398
199
904
175
583
664
980
60
308
537
988
77
465
683
929
348
889
490
770
901
1
396
887
554
912
236
181
884
753
32
582
621
752
597
577
380
488
678
942
285
552
807
830
312
990
946
150
342
557
995
472
384
214
787
692
854
245
305
217
522
956
821
615
291
584
322
355
33
711
28
938
336
715
862
811
609
516
663
436
772
700
106
330
713
919
265
162
220
120
80
622
573
759
725
256
560
950
146
571
433
810
19
865
141
575
190
748
651
310
684
454
219
439
514
367
562
191
487
210
662
281
843
820
59
637
512
903
636
257
900
757
963
92
925
97
626
51
338
982
118
779
800
943
975
994
735
788
86
928
538
143
84
958
271
100
926
909
783
732
601
898
880
266
94
360
333
529
57
896
134
339
326
694
81
723
858
427
136
0
239
278
90
178
849
813
846
509
420
819
145
244
751
802
693
258
916
198
740
294
159
482
287
363
902
620
473
996
923
670
555
102
390
656
640
761
228
934
511
469
457
503
405
292
182
183
659
63
708
73
297
241
726
290
669
156
873
480
786
742
137
149
567
949
124
766
826
234
506
434
268
232
547
964
323
699
526
302
235
655
815
607
411
350
625
907
349
415
837
201
758
186
247
798
130
209
566
642
872
85
204
536
309
842
110
38
111
999
961
911
9
719
612
951
611
453
647
50
691
215
976
300
981
966
660
46
856
441
296
148
452
789
608
665
728
599
460
431
604
654
459
353
423
371
39
316
55
388
855
596
586
345
698
534
937
520
977
153
850
899
193
962
827
493
839
53
218
116
760
847
548
524
68
627
301
617
79
918
30
505
443
383
373
43
736
466
947
72
483
104
470
180
675
314
202
939
558
832
910
720
581
304
525
689
167
804
668
474
365
66
177
717
238
833
282
250
127
734
553
438
984
591
618
261
816
179
65
589
645
641
814
649
782
600
624
687
501
507
674
211
115
253
213
233
12
272
893
619
857
246
913
352
479
399
35
2
745
944
44
781
125
799
917
263
375
45
303
343
381
389
410
117
576
83
848
915
513
797
20
979
174
34
681
481
335
295
533
169
724
954
882
891
845
114
406
639
701
712
953
71
986
491
510
690
496
852
650
983
370
768
320
279
828
697
361
206
883
417
541
672
948
932
444
91
7
334
749
14
710
267
492
613
908
368
317
468
56
861
476
13
489
851
721
122
682
771
358
941
705
366
48
328
542
632
868
446
532
921
37
408
435
709
226
313
794
791
207
658
648
429
311
6
147
188
495
187
661
321
31
87
154
200
132
890
646
372
578
739
477
221
703
806
135
559
602
131
863
922
105
260
298
716
829
88
706
176
960
638
556
930
121
840
841
478
158
160
357
517
629
128
89
729
227
225
332
860
356
499
519
935
572
870
318
69
293
404
527
319
346
315
812
16
530
972
67
940
545
587
686
280
543
254
113
605
205
905
101
978
679
805
249
755
164
430
440
485
634
776
10
189
965
197
769
987
112
359
595
707
393
973
633
155
325
364
428
224
795
123
631
82
401
594
643
885
378
203
385
657
163
702
3
394
402
671
877
866
426
763
422
551
486
99
881
126
171
432
927
508
504
484
269
936
673
718
414
448
376
8
563
192
307
329
129
790
952
585
754
878
876
230
442
967
590
561
993
630
895
955
971
518
397
550
409
809
412
592
606
579
324
464
264
139
997
4
844
974
730
969
869
714
450
262
738
793
886
680
29
424
286
644
103
161
337
