76
152
146
41
27
142
12
28
211
99
49
103
202
61
204
173
29
230
217
127
129
216
177
222
57
120
137
24
58
100
20
43
66
33
87
101
235
148
40
16
237
221
25
5
169
108
55
107
189
113
22
71
112
34
39
225
219
178
155
214
159
213
231
32
158
147
36
53
111
3
181
106
238
240
171
207
47
185
94
72
7
179
48
198
156
183
77
114
245
139
0
122
84
119
212
2
98
161
144
88
138
226
45
205
118
51
42
125
35
233
194
64
10
218
95
131
184
116
115
90
196
81
232
168
117
141
18
229
208
192
70
69
8
150
197
236
124
37
31
4
105
151
68
30
201
162
78
121
174
175
82
188
182
140
239
67
166
170
195
102
21
136
224
126
89
123
44
165
234
19
135
128
247
83
223
1
241
143
46
215
65
145
96
92
249
133
80
15
14
74
206
160
187
163
59
167
242
209
54
110
56
79
38
130
153
134
190
85
199
193
23
176
73
243
52
172
17
227
186
97
244
157
210
220
50
6
228
86
109
63
26
200
104
75
11
132
13
93
164
149
60
248
180
246
203
91
191
154
62
9
291
268
304
260
420
254
280
426
370
470
401
385
363
411
326
312
459
478
460
335
436
374
480
303
417
305
337
435
477
365
318
272
413
330
451
331
490
430
258
297
463
469
485
263
369
344
419
301
381
357
322
361
282
281
250
403
452
253
479
339
338
372
290
354
394
286
377
366
427
454
362
378
497
495
364
404
418
262
393
494
321
392
287
434
306
367
428
259
465
442
421
277
283
353
462
441
311
407
320
270
256
400
443
398
457
342
447
375
486
296
395
431
483
388
456
438
341
310
384
327
493
481
491
325
386
402
346
289
406
298
317
475
498
266
309
314
380
373
448
324
257
405
332
471
348
313
307
319
440
359
468
269
424
368
275
279
492
273
439
389
267
264
422
461
437
265
446
251
399
295
455
355
415
499
379
323
302
409
252
489
487
432
467
464
371
271
315
472
466
333
356
383
347
350
412
329
416
328
261
429
396
340
293
334
433
308
453
474
284
276
414
343
376
387
391
358
288
425
423
390
445
476
450
345
360
294
488
473
285
482
299
382
449
278
458
408
292
397
300
336
255
351
274
444
316
352
496
484
410
349
535
691
703
556
745
581
631
618
564
558
501
657
551
562
511
690
599
713
702
727
565
606
502
705
665
594
622
677
627
664
582
741
684
526
673
579
575
598
706
573
746
611
676
529
715
568
578
701
719
647
721
632
571
533
577
544
500
512
505
744
636
513
555
613
675
681
707
642
671
603
600
561
523
683
649
650
635
742
534
730
661
731
547
518
654
733
716
586
718
644
588
596
546
633
587
728
507
626
714
549
566
580
639
543
620
569
694
720
532
538
530
737
570
658
539
593
723
583
528
704
711
630
693
531
689
540
653
695
735
522
621
678
592
667
656
688
743
640
616
662
652
672
610
506
612
666
623
638
698
536
510
609
585
548
663
708
597
692
749
508
515
559
697
552
710
503
655
625
560
617
668
641
709
524
563
712
604
527
732
722
574
660
572
680
589
645
679
628
747
696
659
516
576
669
634
567
700
674
541
670
590
525
734
739
648
557
601
624
699
629
651
614
584
554
685
607
686
545
520
619
550
748
725
729
615
726
646
738
637
608
724
740
595
605
519
509
717
602
553
504
542
537
682
521
517
643
687
736
591
514
854
954
912
880
956
838
877
760
918
868
867
870
878
994
801
995
898
820
915
914
861
773
853
822
757
939
840
957
930
947
855
856
782
791
933
970
763
996
834
950
811
783
909
775
795
953
809
826
844
901
828
752
875
990
981
896
768
949
754
959
785
779
952
927
858
989
804
841
936
864
942
781
836
762
935
798
962
958
833
979
876
929
821
906
776
759
780
810
917
937
818
988
983
819
789
967
961
974
938
817
892
968
904
808
925
934
924
985
793
900
955
813
946
984
770
852
807
797
993
758
884
879
871
794
872
774
815
991
778
845
905
842
866
857
975
830
849
897
976
839
960
920
881
847
926
802
862
848
772
931
764
753
888
997
863
977
982
835
890
832
894
889
751
787
869
750
978
837
796
755
908
756
812
829
921
769
923
999
788
944
922
911
899
767
765
865
846
895
766
963
859
816
951
885
992
850
882
831
823
843
919
971
932
825
903
777
928
771
803
940
964
986
945
886
786
790
860
806
916
814
987
887
943
827
998
941
972
966
948
893
965
969
761
799
883
980
902
800
913
784
891
973
824
851
907
805
874
910
792
873